-1.596984982490539551e+00 1.007271781563758850e-01 -1.586190700531005859e+00
-1.526868462562561035e+00 -2.390201389789581299e-01 -1.641115307807922363e+00
-1.707271575927734375e+00 -1.087883934378623962e-01 -1.464530110359191895e+00
-1.841908812522888184e+00 9.447997808456420898e-02 -1.293817996978759766e+00
-1.835495233535766602e+00 -1.745797097682952881e-01 -1.293273568153381348e+00
-1.956498861312866211e+00 1.941213198006153107e-02 -1.117345333099365234e+00
-2.251107931137084961e+00 4.745538899442180991e-05 7.060743868350982666e-02
-2.246666908264160156e+00 -1.413349360227584839e-01 3.531498461961746216e-02
-2.224593162536621094e+00 -1.398307383060455322e-01 3.168095946311950684e-01
-2.217893600463867188e+00 6.999021023511886597e-02 3.868257105350494385e-01
-2.162417411804199219e+00 -6.862706691026687622e-02 6.275590658187866211e-01
-1.764102220535278320e+00 9.997753053903579712e-02 1.397680282592773438e+00
-1.794425606727600098e+00 -1.684852093458175659e-01 1.350398659706115723e+00
-1.566403031349182129e+00 -1.456318497657775879e-01 1.613863825798034668e+00
-1.380447745323181152e+00 1.396170109510421753e-01 1.774832248687744141e+00
-1.289012670516967773e+00 -1.608579605817794800e-01 1.840029120445251465e+00
-1.234841227531433105e+00 1.033202335238456726e-01 1.881585717201232910e+00
-1.050799608230590820e+00 -7.364615052938461304e-02 1.991548895835876465e+00
-2.082545757293701172e+00 -6.638870388269424438e-02 -8.601707220077514648e-01
-1.974660038948059082e+00 -2.499988377094268799e-01 -1.052115917205810547e+00
-2.109733819961547852e+00 -3.125321865081787109e-01 -7.276157140731811523e-01
-2.189250707626342773e+00 -6.919506192207336426e-02 -5.252166390419006348e-01
-2.185769319534301758e+00 -3.457409739494323730e-01 -4.215198159217834473e-01
-2.237797975540161133e+00 -7.051132619380950928e-02 -2.469019591808319092e-01
-2.220676422119140625e+00 -3.515700101852416992e-01 -1.412584483623504639e-01
-2.220841646194458008e+00 -3.621725142002105713e-01 8.243804425001144409e-02
-2.211423397064208984e+00 -2.792367339134216309e-01 3.168107271194458008e-01
-2.162088871002197266e+00 -3.420714139938354492e-01 5.261433124542236328e-01
-2.105086088180541992e+00 -3.328485786914825439e-01 7.287192344665527344e-01
-2.066874742507934570e+00 -6.593786925077438354e-02 8.932355046272277832e-01
-1.998427391052246094e+00 -3.157317340373992920e-01 9.896294474601745605e-01
-5.703094601631164551e-01 1.003236621618270874e-01 -2.177661418914794922e+00
-4.108428955078125000e-01 -2.710761427879333496e-01 -2.199873447418212891e+00
-7.311740517616271973e-01 -8.690734207630157471e-02 -2.129140138626098633e+00
-1.301302909851074219e+00 -8.464489877223968506e-02 -1.838689208030700684e+00
-1.134437680244445801e+00 -3.317719995975494385e-01 -1.917955994606018066e+00
-1.343841671943664551e+00 -4.050684571266174316e-01 -1.763114094734191895e+00
-1.672587513923645020e+00 -3.751653432846069336e-01 -1.460589289665222168e+00
-1.849299311637878418e+00 -3.534882068634033203e-01 -1.234449148178100586e+00
-2.004086732864379883e+00 -4.524385631084442139e-01 -9.256186485290527344e-01
-2.181149005889892578e+00 -4.878459870815277100e-01 2.819497287273406982e-01
-1.849562883377075195e+00 -3.521069884300231934e-01 1.234449028968811035e+00
-1.653304100036621094e+00 -3.689690232276916504e-01 1.484942436218261719e+00
-1.478627443313598633e+00 -4.273943901062011719e-01 1.647624373435974121e+00
-9.929988384246826172e-01 -6.478471308946609497e-02 -2.020657062530517578e+00
-8.202119469642639160e-01 -3.688323497772216797e-01 -2.067706823348999023e+00
-1.789450645446777344e+00 -5.630068182945251465e-01 -1.248387098312377930e+00
-1.864503741264343262e+00 -6.221373081207275391e-01 -1.101709961891174316e+00
-2.086375951766967773e+00 -6.066168546676635742e-01 -5.936623811721801758e-01
-2.141437530517578125e+00 -6.223943829536437988e-01 -3.170221447944641113e-01
-2.180382490158081055e+00 -5.598402619361877441e-01 -3.531308844685554504e-02
-2.105662107467651367e+00 -5.399879217147827148e-01 5.929834246635437012e-01
-1.999377608299255371e+00 -5.831046104431152344e-01 8.604930043220520020e-01
-1.901058077812194824e+00 -5.693027973175048828e-01 1.064716696739196777e+00
-1.755777835845947266e+00 -5.799497961997985840e-01 1.287915825843811035e+00
-1.689578175544738770e+00 -4.896198809146881104e-01 1.406190633773803711e+00
-1.212175488471984863e+00 -3.984716534614562988e-01 1.855083227157592773e+00
-9.755073785781860352e-01 -3.084398806095123291e-01 2.009549140930175781e+00
-1.523064732551574707e+00 -5.498408079147338867e-01 -1.565008640289306641e+00
-1.652382493019104004e+00 -5.958737730979919434e-01 -1.407606959342956543e+00
-1.972531199455261230e+00 -7.297636866569519043e-01 -8.098362088203430176e-01
-2.107962846755981445e+00 -7.765210270881652832e-01 -1.619880050420761108e-01
-2.117006540298461914e+00 -7.620829939842224121e-01 1.059906110167503357e-01
-2.098806619644165039e+00 -6.814464330673217773e-01 4.557116925716400146e-01
-1.359453558921813965e+00 -5.427641272544860840e-01 1.711794495582580566e+00
-5.941486358642578125e-01 -3.745358288288116455e-01 -2.139878988265991211e+00
-2.018002748489379883e+00 -8.727013468742370605e-01 -4.907118976116180420e-01
-2.035986423492431641e+00 -8.616474866867065430e-01 4.404968619346618652e-01
-1.954705834388732910e+00 -8.453286886215209961e-01 7.299051284790039062e-01
-1.908495903015136719e+00 -7.551488280296325684e-01 9.252702593803405762e-01
-1.794567227363586426e+00 -7.757637500762939453e-01 1.115901231765747070e+00
-1.510255932807922363e+00 -7.020155787467956543e-01 1.516742348670959473e+00
-9.824363589286804199e-01 -5.125585198402404785e-01 1.961261987686157227e+00
-9.394648075103759766e-01 -6.264237165451049805e-01 -1.949862003326416016e+00
-1.168068289756774902e+00 -4.997451007366180420e-01 -1.861628651618957520e+00
-1.210239171981811523e+00 -6.642211675643920898e-01 -1.778794884681701660e+00
-1.344451546669006348e+00 -7.775007486343383789e-01 -1.633263349533081055e+00
-1.536325693130493164e+00 -8.529749512672424316e-01 -1.409597158432006836e+00
-1.693612098693847656e+00 -8.488122820854187012e-01 -1.220463037490844727e+00
-1.800682544708251953e+00 -9.182471632957458496e-01 -9.910297989845275879e-01
-1.905805706977844238e+00 -8.972044587135314941e-01 -7.947713136672973633e-01
-2.000790596008300781e+00 -1.000568985939025879e+00 -2.615034878253936768e-01
-1.997533202171325684e+00 -1.036464452743530273e+00 -9.137430042028427124e-02
-2.002494096755981445e+00 -1.020211219787597656e+00 1.413754969835281372e-01
-1.965868949890136719e+00 -1.002923965454101562e+00 4.560770094394683838e-01
-1.857313871383666992e+00 -8.734950423240661621e-01 9.252690076828002930e-01
-1.618840336799621582e+00 -8.715246915817260742e-01 1.302790164947509766e+00
-1.269603967666625977e+00 -7.141193747520446777e-01 1.717941641807556152e+00
-1.135095953941345215e+00 -6.221790909767150879e-01 1.841903686523437500e+00
-7.517763972282409668e-01 -4.739753901958465576e-01 2.069509983062744141e+00
-1.845709323883056641e+00 -1.015100479125976562e+00 -7.947708368301391602e-01
-1.918429374694824219e+00 -1.054918646812438965e+00 -5.248901844024658203e-01
-1.853491425514221191e+00 -1.095564484596252441e+00 6.615197062492370605e-01
-1.767706871032714844e+00 -1.044580340385437012e+00 9.257158637046813965e-01
-1.654174804687500000e+00 -9.771740436553955078e-01 1.175246119499206543e+00
-7.376521825790405273e-01 -1.390766203403472900e-01 2.126910686492919922e+00
-1.498548626899719238e+00 -1.137587308883666992e+00 -1.241562247276306152e+00
-1.646386384963989258e+00 -1.119890570640563965e+00 -1.052565693855285645e+00
-1.719644665718078613e+00 -1.169382214546203613e+00 -8.621934652328491211e-01
-1.780474901199340820e+00 -1.210619688034057617e+00 -6.615203022956848145e-01
-1.872590184211730957e+00 -1.188570618629455566e+00 -3.865754902362823486e-01
-1.900647878646850586e+00 -1.206244111061096191e+00 -7.060950994491577148e-02
-1.889511466026306152e+00 -1.199002265930175781e+00 2.467299848794937134e-01
-1.818005323410034180e+00 -1.233990669250488281e+00 4.918007850646972656e-01
-1.262164711952209473e+00 -9.210889339447021484e-01 1.624043345451354980e+00
-4.958285093307495117e-01 -5.105139017105102539e-01 2.138278722763061523e+00
-3.095677495002746582e-01 -3.578156530857086182e-01 2.204617977142333984e+00
-4.793376624584197998e-01 -5.255327001214027405e-02 2.201674699783325195e+00
-1.857504397630691528e-01 -3.323084907606244087e-03 2.248716592788696289e+00
-1.761419177055358887e+00 -1.344991564750671387e+00 -4.012502133846282959e-01
-1.759979128837585449e+00 -1.386054754257202148e+00 -2.324557900428771973e-01
-1.779617309570312500e+00 -1.380378007888793945e+00 3.534292802214622498e-02
-1.773499011993408203e+00 -1.354899406433105469e+00 3.026998043060302734e-01
-1.684350967407226562e+00 -1.305809617042541504e+00 7.287185788154602051e-01
-1.599128961563110352e+00 -1.239428281784057617e+00 9.896306395530700684e-01
-1.462336540222167969e+00 -1.201115012168884277e+00 1.221960067749023438e+00
-1.498170614242553711e+00 -9.615515470504760742e-01 1.382798314094543457e+00
-9.863466620445251465e-01 -7.601952552795410156e-01 1.878187775611877441e+00
-7.555379271507263184e-01 -6.785843968391418457e-01 2.009700775146484375e+00
-6.371991634368896484e-01 -7.977296113967895508e-01 -2.011755704879760742e+00
-1.040163874626159668e+00 -1.061809539794921875e+00 -1.693939805030822754e+00
-1.350323796272277832e+00 -9.761446118354797363e-01 -1.515908360481262207e+00
-1.291267514228820801e+00 -1.229328036308288574e+00 -1.378163576126098633e+00
-1.532845854759216309e+00 -1.343238949775695801e+00 -9.599749445915222168e-01
-1.658055782318115234e+00 -1.372037529945373535e+00 -6.611337065696716309e-01
-1.698895573616027832e+00 -1.405201911926269531e+00 4.559562206268310547e-01
-1.269270300865173340e+00 -1.192246913909912109e+00 1.430131435394287109e+00
-3.745104968547821045e-01 -5.763860344886779785e-01 -2.145653724670410156e+00
-9.989987611770629883e-01 -8.762549757957458496e-01 -1.820111036300659180e+00
-1.368915319442749023e+00 -1.390356898307800293e+00 -1.124578237533569336e+00
-1.471241831779479980e+00 -1.472185134887695312e+00 -8.608823418617248535e-01
-1.545309305191040039e+00 -1.521585345268249512e+00 -6.076291799545288086e-01
-1.570553183555603027e+00 -1.569203734397888184e+00 -3.866837620735168457e-01
-1.640977621078491211e+00 -1.541000008583068848e+00 -3.531736135482788086e-02
-1.631372094154357910e+00 -1.531823635101318359e+00 2.467325031757354736e-01
-1.606344938278198242e+00 -1.508420586585998535e+00 4.561482071876525879e-01
-1.569028258323669434e+00 -1.473019242286682129e+00 6.611341238021850586e-01
-1.466408967971801758e+00 -1.444765567779541016e+00 9.134163260459899902e-01
-1.345329999923706055e+00 -1.457999706268310547e+00 1.068438172340393066e+00
-1.086520075798034668e+00 -1.163017034530639648e+00 1.594818353652954102e+00
-9.806123375892639160e-01 -1.048206806182861328e+00 1.734962344169616699e+00
-8.352811932563781738e-01 -9.230965971946716309e-01 1.877974152565002441e+00
-1.483351111412048340e+00 -1.682196021080017090e+00 -2.117088735103607178e-01
-1.539503812789916992e+00 -1.639342904090881348e+00 1.059168949723243713e-01
-1.518406271934509277e+00 -1.616706013679504395e+00 3.865735232830047607e-01
-1.473440408706665039e+00 -1.568632602691650391e+00 6.611344218254089355e-01
-1.204982757568359375e+00 -1.378145217895507812e+00 1.313098549842834473e+00
-5.398399829864501953e-01 -8.038561344146728516e-01 2.034310579299926758e+00
-6.627656817436218262e-01 -1.068878531455993652e+00 -1.870454549789428711e+00
-1.083210110664367676e+00 -1.237671971321105957e+00 -1.542107582092285156e+00
-1.129220247268676758e+00 -1.457526087760925293e+00 -1.293273568153381348e+00
-1.219741582870483398e+00 -1.573840022087097168e+00 -1.052566170692443848e+00
-1.197525858879089355e+00 -1.675686955451965332e+00 -9.153025150299072266e-01
-1.319230914115905762e+00 -1.701564669609069824e+00 -6.615190505981445312e-01
-1.350874304771423340e+00 -1.742056846618652344e+00 -4.570681750774383545e-01
-1.380172729492187500e+00 -1.779309749603271484e+00 -3.414807281387766125e-07
-1.372389793395996094e+00 -1.768970966339111328e+00 2.469002157449722290e-01
-1.342791676521301270e+00 -1.730466842651367188e+00 5.252184271812438965e-01
-1.342971801757812500e+00 -1.622805595397949219e+00 7.947713136672973633e-01
-7.214808464050292969e-01 -1.255873799324035645e+00 -1.726428151130676270e+00
-7.733155488967895508e-01 -1.344873785972595215e+00 -1.636021137237548828e+00
-1.271277427673339844e+00 -1.840694189071655273e+00 -2.615037858486175537e-01
-1.197462201118469238e+00 -1.761118888854980469e+00 7.299050092697143555e-01
-1.169713020324707031e+00 -1.693951845169067383e+00 9.134172797203063965e-01
-1.129396319389343262e+00 -1.553387641906738281e+00 1.174809932708740234e+00
-9.844003319740295410e-01 -1.557850360870361328e+00 1.295953750610351562e+00
-9.383946657180786133e-01 -1.378424763679504395e+00 1.513546228408813477e+00
-8.524682521820068359e-01 -1.252460479736328125e+00 1.664527297019958496e+00
-7.921893596649169922e-01 -1.163662433624267578e+00 1.756139516830444336e+00
-6.739115118980407715e-01 -1.032029867172241211e+00 1.884837150573730469e+00
7.830931805074214935e-03 -3.808524906635284424e-01 -2.225029945373535156e+00
-8.466199040412902832e-01 -1.542793989181518555e+00 -1.407083630561828613e+00
-9.375801682472229004e-01 -1.668913125991821289e+00 -1.188972830772399902e+00
-1.083653211593627930e+00 -1.833344817161560059e+00 -7.299037575721740723e-01
-1.114633321762084961e+00 -1.885523557662963867e+00 -5.252171158790588379e-01
-1.206164002418518066e+00 -1.900698542594909668e+00 -7.060983031988143921e-02
-1.199170231819152832e+00 -1.889404892921447754e+00 2.467298507690429688e-01
-1.173296093940734863e+00 -1.848405122756958008e+00 5.248898267745971680e-01
-1.014303088188171387e+00 -1.713456273078918457e+00 1.052565455436706543e+00
-8.878026008605957031e-01 -1.775897383689880371e+00 -1.062925457954406738e+00
-9.883928894996643066e-01 -1.798801541328430176e+00 -9.252694845199584961e-01
-1.077992916107177734e+00 -1.961068749427795410e+00 -2.467311024665832520e-01
-1.084302067756652832e+00 -1.972337603569030762e+00 3.193135569290461717e-07
-1.078168034553527832e+00 -1.960972428321838379e+00 2.467313557863235474e-01
-1.054918646812438965e+00 -1.918429374694824219e+00 5.248901844024658203e-01
-9.726612567901611328e-01 -1.874600529670715332e+00 7.823240756988525391e-01
-7.639340758323669434e-01 -1.537839174270629883e+00 1.460224032402038574e+00
-6.629489660263061523e-01 -1.314830899238586426e+00 1.703509092330932617e+00
-6.239787936210632324e-01 -1.193486928939819336e+00 1.804501652717590332e+00
-1.973915398120880127e-01 -6.466668248176574707e-01 2.150793313980102539e+00
-3.120615780353546143e-01 -1.066135764122009277e+00 -1.959882140159606934e+00
-8.965480923652648926e-01 -1.906114220619201660e+00 -7.947720289230346680e-01
-9.391228556632995605e-01 -1.996849417686462402e+00 -4.557107090950012207e-01
-9.584318399429321289e-01 -2.036883831024169922e+00 -7.060915976762771606e-02
-9.529100656509399414e-01 -2.024801731109619141e+00 2.467312067747116089e-01
-9.323775172233581543e-01 -1.980882644653320312e+00 5.248910784721374512e-01
-8.742981553077697754e-01 -1.856936216354370117e+00 9.252687096595764160e-01
-8.183159232139587402e-01 -1.737499833106994629e+00 1.174811005592346191e+00
-3.521636426448822021e-01 -1.116644501686096191e+00 1.925510168075561523e+00
-2.860983014106750488e-01 -8.880959749221801758e-01 2.051089048385620117e+00
-4.166904985904693604e-01 -1.229501366615295410e+00 -1.840143442153930664e+00
-5.127450823783874512e-01 -1.428873181343078613e+00 -1.663249492645263672e+00
-5.630013346672058105e-01 -1.566700339317321777e+00 -1.514912843704223633e+00
-6.094481348991394043e-01 -1.696150660514831543e+00 -1.350397348403930664e+00
-6.621264815330505371e-01 -1.841759324073791504e+00 -1.114457607269287109e+00
-6.144340634346008301e-01 -1.960380196571350098e+00 -9.258354306221008301e-01
-7.214059829711914062e-01 -2.005429267883300781e+00 -7.287210822105407715e-01
-7.618889212608337402e-01 -2.066557884216308594e+00 -4.705433845520019531e-01
-7.405425906181335449e-01 -2.105385541915893555e+00 -3.026990294456481934e-01
-7.719084024429321289e-01 -2.115343332290649414e+00 -4.670692607760429382e-02
-7.512642741203308105e-01 -2.117133378982543945e+00 1.530843973159790039e-01
-7.519322037696838379e-01 -2.087713003158569336e+00 3.868282437324523926e-01
-7.925183176994323730e-01 -2.000887393951416016e+00 6.611341238021850586e-01
-7.049845457077026367e-01 -1.956432938575744629e+00 8.621933460235595703e-01
-6.752673387527465820e-01 -1.873167514801025391e+00 1.052565813064575195e+00
-6.255639195442199707e-01 -1.734413146972656250e+00 1.293274164199829102e+00
-5.254634022712707520e-01 -1.523559808731079102e+00 1.574921369552612305e+00
-3.833467364311218262e-01 -1.330923199653625488e+00 1.777940750122070312e+00
4.635255411267280579e-02 -6.664646863937377930e-01 -2.154545783996582031e+00
-3.004445731639862061e-01 -8.149177432060241699e-01 -2.079343795776367188e+00
-6.079484820365905762e-01 -2.077327489852905273e+00 6.254174709320068359e-01
-2.064851820468902588e-01 -1.316553235054016113e+00 -1.817248821258544922e+00
-3.409034311771392822e-01 -1.531973242759704590e+00 -1.614926338195800781e+00
-3.724213540554046631e-01 -1.670489668846130371e+00 -1.461986184120178223e+00
-4.011646211147308350e-01 -1.799607872962951660e+00 -1.293273210525512695e+00
-4.257547557353973389e-01 -1.908145666122436523e+00 -1.115898609161376953e+00
-4.640813469886779785e-01 -2.078480482101440430e+00 -7.299072146415710449e-01
-5.442533493041992188e-01 -2.120616674423217773e+00 -5.248887538909912109e-01
-5.564273595809936523e-01 -2.167544126510620117e+00 -2.467311173677444458e-01
-5.598402619361877441e-01 -2.180382490158081055e+00 3.531308844685554504e-02
-5.544501543045043945e-01 -2.158923864364624023e+00 3.168095350265502930e-01
-4.654614031314849854e-01 -2.079787731170654297e+00 7.287223935127258301e-01
-4.481235444545745850e-01 -2.001902103424072266e+00 9.270755052566528320e-01
-4.278115332126617432e-01 -1.909834384918212891e+00 1.114456892013549805e+00
-3.942694067955017090e-01 -1.758665442466735840e+00 1.350397944450378418e+00
-3.036777377128601074e-01 -1.612594962120056152e+00 1.544124126434326172e+00
-2.769151628017425537e-01 -2.034252166748046875e+00 -9.289435744285583496e-01
-4.100244045257568359e-01 -2.150605440139770508e+00 -5.248913168907165527e-01
-4.174388051033020020e-01 -2.188388109207153320e+00 -3.169382214546203613e-01
-4.213588833808898926e-01 -2.209066390991210938e+00 -1.059150844812393188e-01
-3.515700101852416992e-01 -2.220676422119140625e+00 1.412584483623504639e-01
-3.457409739494323730e-01 -2.185769319534301758e+00 4.215198159217834473e-01
-9.191459417343139648e-02 -9.870501756668090820e-01 -2.024583816528320312e+00
-4.209952428936958313e-02 -1.544491767883300781e+00 -1.641484975814819336e+00
-1.556904911994934082e-01 -1.657490730285644531e+00 -1.514914512634277344e+00
-1.643876880407333374e-01 -1.748832106590270996e+00 -1.407605648040771484e+00
-1.796709746122360229e-01 -1.915529727935791016e+00 -1.174357175827026367e+00
-2.000098377466201782e-01 -2.121832609176635742e+00 -7.287182807922363281e-01
-1.923306584358215332e-01 -2.194661140441894531e+00 -4.680776596069335938e-01
-2.792367339134216309e-01 -2.211423397064208984e+00 -3.168107271194458008e-01
-1.949092894792556763e-01 -2.237968206405639648e+00 -1.619922667741775513e-01
-2.680628001689910889e-01 -2.115491390228271484e+00 7.279167175292968750e-01
-2.469653785228729248e-01 -1.943280696868896484e+00 1.113406777381896973e+00
-1.569524705410003662e-01 -1.829242110252380371e+00 1.304033160209655762e+00
-1.085368394851684570e-01 -1.453060507774353027e+00 1.717558979988098145e+00
-7.996595650911331177e-02 -1.238247394561767578e+00 1.879651784896850586e+00
-1.176625397056341171e-02 -1.025574803352355957e+00 2.005681514739990234e+00
6.793436408042907715e-02 -7.553721666336059570e-01 2.121364355087280273e+00
1.686361618340015411e-02 -5.764107704162597656e-01 2.178889751434326172e+00
2.355318367481231689e-01 -2.934278547763824463e-01 2.225565433502197266e+00
-7.073352485895156860e-02 -2.249995708465576172e+00 3.540612757205963135e-02
-7.051132619380950928e-02 -2.237797975540161133e+00 2.469019591808319092e-01
-6.919506192207336426e-02 -2.189250707626342773e+00 5.252166390419006348e-01
-6.739892065525054932e-02 -2.128593444824218750e+00 7.299071550369262695e-01
-6.521742790937423706e-02 -2.052237749099731445e+00 9.257171750068664551e-01
-6.215670704841613770e-02 -1.954077601432800293e+00 1.115900397300720215e+00
-5.371583998203277588e-02 -1.666659355163574219e+00 1.513546466827392578e+00
7.617770135402679443e-02 -1.216946363449096680e+00 -1.893898248672485352e+00
1.103389263153076172e-01 -1.406392097473144531e+00 -1.755422830581665039e+00
5.645290762186050415e-02 -1.758185744285583496e+00 -1.406189799308776855e+00
1.065592244267463684e-01 -1.898009777069091797e+00 -1.210805058479309082e+00
7.771206647157669067e-02 -1.995572924613952637e+00 -1.040894389152526855e+00
6.680533289909362793e-02 -2.106255292892456055e+00 -7.951942682266235352e-01
5.188438668847084045e-02 -2.186066627502441406e+00 -5.393571257591247559e-01
1.416154846083372831e-04 -2.242257833480834961e+00 -2.115470319986343384e-01
-7.674474618397653103e-04 -1.843154311180114746e+00 1.292867541313171387e+00
1.394247263669967651e-01 -2.213562250137329102e+00 -3.865717351436614990e-01
1.414986401796340942e-01 -2.248503208160400391e+00 -3.529784828424453735e-02
1.398307383060455322e-01 -2.224593162536621094e+00 3.168095946311950684e-01
1.361142396926879883e-01 -2.167531490325927734e+00 5.933073163032531738e-01
1.302317380905151367e-01 -2.076391935348510742e+00 8.604463934898376465e-01
1.222588792443275452e-01 -1.952627658843994141e+00 1.114013671875000000e+00
2.352430969476699829e-01 -1.792577385902404785e+00 1.344879388809204102e+00
1.956738084554672241e-01 -1.694749236106872559e+00 1.471207022666931152e+00
1.164046451449394226e-01 -1.466711997985839844e+00 1.707347035408020020e+00
2.290443778038024902e-01 -1.173802495002746582e+00 1.910072922706604004e+00
2.002669125795364380e-01 -9.047915339469909668e-01 2.052783489227294922e+00
2.800971269607543945e-01 -1.490556359291076660e+00 -1.665247559547424316e+00
3.041099607944488525e-01 -1.678064584732055664e+00 -1.471918344497680664e+00
3.070470690727233887e-01 -1.932928085327148438e+00 -1.114457607269287109e+00
3.215385675430297852e-01 -2.026091098785400391e+00 -9.270731806755065918e-01
2.673214972019195557e-01 -2.113489389419555664e+00 -7.283092737197875977e-01
2.765137255191802979e-01 -2.187322616577148438e+00 -4.559549689292907715e-01
2.818167805671691895e-01 -2.230051517486572266e+00 -1.411469876766204834e-01
3.350444138050079346e-01 -2.221314191818237305e+00 1.619927287101745605e-01
3.447155654430389404e-01 -2.178654432296752930e+00 4.562488794326782227e-01
3.328485786914825439e-01 -2.105086088180541992e+00 7.287192344665527344e-01
2.982139885425567627e-01 -1.978016257286071777e+00 1.039006352424621582e+00
2.048101574182510376e-01 -9.698383808135986328e-01 -2.024444818496704102e+00
3.081983029842376709e-01 -1.252955913543701172e+00 -1.845886707305908203e+00
4.085468649864196777e-01 -1.762795090675354004e+00 -1.340452909469604492e+00
3.995033800601959229e-01 -2.092531681060791016e+00 -7.283137440681457520e-01
4.133124351501464844e-01 -2.165642976760864258e+00 -4.559579193592071533e-01
4.212863445281982422e-01 -2.207955598831176758e+00 -1.411469280719757080e-01
4.865850508213043213e-01 -2.180200576782226562e+00 2.826010286808013916e-01
4.782453775405883789e-01 -1.878885865211486816e+00 1.149289011955261230e+00
3.294972777366638184e-01 -1.428814768791198730e+00 1.711441874504089355e+00
3.968235552310943604e-01 -4.861619770526885986e-01 -2.167071104049682617e+00
5.336775183677673340e-01 -1.575424194335937500e+00 -1.521915674209594727e+00
5.468868017196655273e-01 -1.879203438758850098e+00 -1.114456653594970703e+00
5.101443529129028320e-01 -1.986617922782897949e+00 -9.256615042686462402e-01
5.879825949668884277e-01 -2.021896839141845703e+00 -7.964466810226440430e-01
5.403512120246887207e-01 -2.103507757186889648e+00 -5.933040976524353027e-01
5.544501543045043945e-01 -2.158923864364624023e+00 -3.168095350265502930e-01
6.279831528663635254e-01 -2.161353826522827148e+00 -7.072211802005767822e-02
6.269143223762512207e-01 -2.158191680908203125e+00 1.413764208555221558e-01
6.854331493377685547e-01 -2.096678495407104492e+00 4.629947245121002197e-01
5.850064754486083984e-01 -2.068149805068969727e+00 6.730074882507324219e-01
5.796185731887817383e-01 -1.997167944908142090e+00 8.621906638145446777e-01
6.437525153160095215e-01 -1.917670488357543945e+00 9.927640557289123535e-01
4.896198809146881104e-01 -1.689578175544738770e+00 1.406190633773803711e+00
4.957248866558074951e-01 -1.512411832809448242e+00 1.594818830490112305e+00
5.035813450813293457e-01 -1.015158176422119141e+00 -1.950248599052429199e+00
5.354175567626953125e-01 -1.330231308937072754e+00 -1.737560987472534180e+00
6.892650723457336426e-01 -1.741075873374938965e+00 -1.252044081687927246e+00
7.014759182929992676e-01 -1.903700232505798340e+00 -9.776409864425659180e-01
6.713659167289733887e-01 -2.065427780151367188e+00 -5.933043360710144043e-01
6.889169216156005859e-01 -2.119848966598510742e+00 -3.168109357357025146e-01
7.845274806022644043e-01 -1.980608463287353516e+00 -7.283129692077636719e-01
8.117920160293579102e-01 -2.049836635589599609e+00 -4.559587538242340088e-01
8.907629251480102539e-01 -2.057048559188842773e+00 -2.122012823820114136e-01
8.287009596824645996e-01 -2.093022584915161133e+00 -3.531645238399505615e-02
8.876453638076782227e-01 -2.051836729049682617e+00 2.818601727485656738e-01
7.839233279228210449e-01 -1.980847477912902832e+00 7.283136844635009766e-01
6.924441456794738770e-01 -1.750823378562927246e+00 1.234449267387390137e+00
7.221320271492004395e-01 -1.552431702613830566e+00 1.463898658752441406e+00
6.105034947395324707e-01 -1.282086133956909180e+00 1.748461365699768066e+00
5.105664134025573730e-01 -1.181963443756103516e+00 1.848226904869079590e+00
4.810574352741241455e-01 -8.805840611457824707e-01 2.019837379455566406e+00
7.560842037200927734e-01 -1.530217409133911133e+00 -1.471312165260314941e+00
8.867565393447875977e-01 -1.746543765068054199e+00 -1.113873362541198730e+00
9.481796622276306152e-01 -1.827198386192321777e+00 -9.134186506271362305e-01
9.672938585281372070e-01 -1.897314310073852539e+00 -7.299026846885681152e-01
9.323775172233581543e-01 -1.980882644653320312e+00 -5.248910784721374512e-01
1.017444849014282227e+00 -1.994284033775329590e+00 -2.475838363170623779e-01
1.030455112457275391e+00 -2.002566814422607422e+00 2.427013032138347626e-02
9.860163927078247070e-01 -1.936160326004028320e+00 5.936657190322875977e-01
9.443032741546630859e-01 -1.854770302772521973e+00 8.608822822570800781e-01
8.877405524253845215e-01 -1.744249820709228516e+00 1.114456653594970703e+00
8.289512395858764648e-01 -1.607194900512695312e+00 1.342018961906433105e+00
7.694573998451232910e-01 -1.395294427871704102e+00 1.591479539871215820e+00
2.735637128353118896e-01 -6.936139464378356934e-01 2.126289129257202148e+00
3.521423935890197754e-01 -7.519649863243103027e-01 -2.096982002258300781e+00
7.473227977752685547e-01 -1.240918517112731934e+00 -1.724747657775878906e+00
9.941183328628540039e-01 -1.516710638999938965e+00 -1.338717579841613770e+00
1.054918646812438965e+00 -1.918429374694824219e+00 -5.248901844024658203e-01
1.140661478042602539e+00 -1.926461458206176758e+00 -2.475848346948623657e-01
1.131840467453002930e+00 -1.915698647499084473e+00 3.519675731658935547e-01
7.746649384498596191e-01 -9.682430028915405273e-01 -1.880645751953125000e+00
9.094114899635314941e-01 -1.336354970932006836e+00 -1.566349387168884277e+00
1.119890570640563965e+00 -1.646386384963989258e+00 -1.052565693855285645e+00
1.184992671012878418e+00 -1.742573380470275879e+00 -7.951969504356384277e-01
1.220818281173706055e+00 -1.795645713806152344e+00 -5.946862101554870605e-01
1.247502684593200684e+00 -1.835125088691711426e+00 -3.868291676044464111e-01
1.206164002418518066e+00 -1.900698542594909668e+00 7.060983031988143921e-02
1.152920842170715332e+00 -1.817252635955810547e+00 6.611353158950805664e-01
1.240628123283386230e+00 -1.703566312789916992e+00 7.976189255714416504e-01
1.118511557579040527e+00 -1.647323369979858398e+00 1.052565932273864746e+00
1.035471796989440918e+00 -1.525554656982421875e+00 1.293274164199829102e+00
9.612175226211547852e-01 -1.416085124015808105e+00 1.461985230445861816e+00
8.222057819366455078e-01 -1.212820887565612793e+00 1.709932565689086914e+00
8.365114927291870117e-01 -1.050477147102355957e+00 1.809180021286010742e+00
6.772116422653198242e-01 -8.723024129867553711e-01 1.965460300445556641e+00
6.069918274879455566e-01 -6.887695789337158203e-01 -2.058965444564819336e+00
8.993864655494689941e-01 -1.156746149063110352e+00 -1.709932327270507812e+00
1.323206305503845215e+00 -1.821156859397888184e+00 -7.060903310775756836e-02
1.372096538543701172e+00 -1.769198417663574219e+00 2.469001859426498413e-01
1.342162728309631348e+00 -1.730954885482788086e+00 5.252181291580200195e-01
9.899256229400634766e-01 -1.277857661247253418e+00 1.566349744796752930e+00
1.148983359336853027e+00 -1.197157621383666992e+00 -1.523553729057312012e+00
1.117795944213867188e+00 -1.368423938751220703e+00 -1.397680282592773438e+00
1.271250128746032715e+00 -1.440516352653503418e+00 -1.175245642662048340e+00
1.358396291732788086e+00 -1.539707183837890625e+00 -9.257143735885620117e-01
1.424226284027099609e+00 -1.614704966545104980e+00 -6.615188717842102051e-01
1.422256946563720703e+00 -1.718708515167236328e+00 -3.166386187076568604e-01
1.489174842834472656e+00 -1.689135313034057617e+00 -5.491201271468071354e-09
1.357313156127929688e+00 -1.540662050247192383e+00 9.257144331932067871e-01
1.269826412200927734e+00 -1.441771268844604492e+00 1.175246000289916992e+00
1.120214223861694336e+00 -1.355543494224548340e+00 1.405825018882751465e+00
1.013815045356750488e+00 -1.069694757461547852e+00 1.703521251678466797e+00
8.303203582763671875e-01 -6.643157601356506348e-01 -1.986745595932006836e+00
1.037272930145263672e+00 -1.034902334213256836e+00 -1.709932208061218262e+00
1.562315821647644043e+00 -1.539537668228149414e+00 -5.113967657089233398e-01
1.583278775215148926e+00 -1.583016276359558105e+00 -2.469003498554229736e-01
1.586957693099975586e+00 -1.587133288383483887e+00 1.768662631511688232e-01
1.568861722946166992e+00 -1.569274306297302246e+00 3.868271112442016602e-01
1.513914465904235840e+00 -1.536352038383483887e+00 6.481367945671081543e-01
1.333938002586364746e+00 -1.256190657615661621e+00 1.310099840164184570e+00
1.178172349929809570e+00 -1.180065155029296875e+00 1.513544797897338867e+00
7.784185409545898438e-01 -6.637068986892700195e-01 2.007488965988159180e+00
5.550889372825622559e-01 -4.612863659858703613e-01 2.136809825897216797e+00
1.065740466117858887e+00 -8.408691287040710449e-01 -1.799012422561645508e+00
1.401778459548950195e+00 -1.163669347763061523e+00 -1.326478719711303711e+00
1.451322436332702637e+00 -1.362146496772766113e+00 -1.052116870880126953e+00
1.535773277282714844e+00 -1.441690087318420410e+00 -7.947722077369689941e-01
1.640718340873718262e+00 -1.540736913681030273e+00 -4.847005925512348767e-07
1.590691208839416504e+00 -1.401284098625183105e+00 7.619110941886901855e-01
1.505585312843322754e+00 -1.329710125923156738e+00 1.020092844963073730e+00
1.023508071899414062e+00 -7.963746190071105957e-01 1.841564178466796875e+00
1.280344247817993164e+00 -9.913469552993774414e-01 -1.565008997917175293e+00
1.547008275985717773e+00 -1.198856234550476074e+00 -1.114456653594970703e+00
1.621346712112426758e+00 -1.256847262382507324e+00 -9.270738959312438965e-01
1.684350967407226562e+00 -1.305809617042541504e+00 -7.287185788154602051e-01
1.729977488517761230e+00 -1.363200545310974121e+00 -4.705419540405273438e-01
1.769598007202148438e+00 -1.373410820960998535e+00 -2.468114495277404785e-01
1.778401017189025879e+00 -1.379529953002929688e+00 7.072410732507705688e-02
1.753383278846740723e+00 -1.380832314491271973e+00 3.027004003524780273e-01
1.750600934028625488e+00 -1.336613178253173828e+00 4.705414175987243652e-01
1.459404706954956055e+00 -1.055750370025634766e+00 1.353021502494812012e+00
1.278610229492187500e+00 -9.935822486877441406e-01 1.565008997917175293e+00
1.279857754707336426e+00 -7.978950142860412598e-01 1.676433920860290527e+00
7.236879467964172363e-01 -3.773304224014282227e-01 -2.099370956420898438e+00
1.864985704421997070e+00 -1.255025863647460938e+00 -1.297499388456344604e-01
1.779261350631713867e+00 -1.209737896919250488e+00 6.626253128051757812e-01
1.682901024818420410e+00 -1.223196387290954590e+00 8.604458570480346680e-01
1.545916318893432617e+00 -1.200263857841491699e+00 1.114456772804260254e+00
9.328599572181701660e-01 -4.242110848426818848e-01 2.008857250213623047e+00
1.073711156845092773e+00 -6.047734618186950684e-01 -1.885008454322814941e+00
1.269603967666625977e+00 -7.141193747520446777e-01 -1.717941641807556152e+00
1.435989856719970703e+00 -8.476868271827697754e-01 -1.513546228408813477e+00
1.587561607360839844e+00 -9.376391768455505371e-01 -1.293274283409118652e+00
1.714304685592651367e+00 -1.012868285179138184e+00 -1.052565693855285645e+00
1.790277242660522461e+00 -1.058083176612854004e+00 -8.621934056282043457e-01
1.853491425514221191e+00 -1.095564484596252441e+00 -6.615197062492370605e-01
1.910132527351379395e+00 -1.129310131072998047e+00 -3.868286609649658203e-01
1.897818922996520996e+00 -1.204505324363708496e+00 1.411484032869338989e-01
1.861413717269897461e+00 -1.181514382362365723e+00 4.559576213359832764e-01
1.756385803222656250e+00 -1.115112781524658203e+00 8.604441881179809570e-01
1.651571512222290039e+00 -1.048815608024597168e+00 1.114013552665710449e+00
1.535767436027526855e+00 -9.011204838752746582e-01 1.379413604736328125e+00
1.436640262603759766e+00 -7.879453301429748535e-01 1.545122027397155762e+00
1.060174822807312012e+00 -5.823175311088562012e-01 1.898861169815063477e+00
1.021104216575622559e+00 -3.783460557460784912e-01 -1.972822427749633789e+00
2.003503084182739258e+00 -1.002322554588317871e+00 -2.324548512697219849e-01
1.972654461860656738e+00 -1.084491729736328125e+00 3.531748428940773010e-02
1.953210949897766113e+00 -1.073933720588684082e+00 3.168102800846099854e-01
1.903041124343872070e+00 -1.046496391296386719e+00 5.933077335357666016e-01
1.875905156135559082e+00 -9.564336538314819336e-01 7.964493632316589355e-01
1.802343606948852539e+00 -9.192128777503967285e-01 9.896309971809387207e-01
1.700101733207702637e+00 -8.072213530540466309e-01 1.238454341888427734e+00
1.276464819908142090e+00 -6.026543974876403809e-01 1.755389451980590820e+00
1.295427083969116211e+00 -5.094183087348937988e-01 -1.774445891380310059e+00
1.492493391036987305e+00 -5.222539305686950684e-01 -1.606115698814392090e+00
1.600555300712585449e+00 -7.096672058105468750e-01 -1.416191697120666504e+00
1.787173986434936523e+00 -7.178777456283569336e-01 -1.170192360877990723e+00
1.910516619682312012e+00 -7.554941773414611816e-01 -9.268049001693725586e-01
1.954705834388732910e+00 -8.453286886215209961e-01 -7.299051284790039062e-01
1.981071829795837402e+00 -9.319757819175720215e-01 -5.248907208442687988e-01
2.036857604980468750e+00 -9.584881663322448730e-01 3.531920537352561951e-02
2.016789436340332031e+00 -9.491720199584960938e-01 3.168103694915771484e-01
1.964996337890625000e+00 -9.249382615089416504e-01 5.933064818382263184e-01
1.674172878265380859e+00 -6.441992521286010742e-01 1.363414406776428223e+00
8.707875013351440430e-01 -1.928038895130157471e-01 2.070275306701660156e+00
2.035681486129760742e+00 -8.057448267936706543e-01 -5.248913168907165527e-01
2.084851026535034180e+00 -8.252981901168823242e-01 -2.115439325571060181e-01
2.115897893905639648e+00 -7.618981003761291504e-01 1.412087529897689819e-01
2.075237512588500977e+00 -7.474975585937500000e-01 4.562495052814483643e-01
2.005050897598266602e+00 -7.224571108818054199e-01 7.287210822105407715e-01
1.877014398574829102e+00 -6.915878057479858398e-01 1.039007782936096191e+00
1.526385307312011719e+00 -5.639054775238037109e-01 1.556521296501159668e+00
1.246477961540222168e+00 -3.560893237590789795e-01 1.842620491981506348e+00
8.927115201950073242e-01 -1.373955756425857544e-01 -2.063946962356567383e+00
2.047330379486083984e+00 -5.966851711273193359e-01 -7.284135222434997559e-01
2.110746383666992188e+00 -5.964539051055908203e-01 -5.113957524299621582e-01
2.132558107376098633e+00 -6.927605271339416504e-01 -2.115439176559448242e-01
1.898740410804748535e+00 -5.036479234695434570e-01 1.104451060295104980e+00
1.518107771873474121e+00 -3.525159955024719238e-01 1.628832221031188965e+00
5.468217134475708008e-01 -1.485475599765777588e-01 2.178655624389648438e+00
3.091246187686920166e-01 1.439919173717498779e-01 2.232565641403198242e+00
7.156406641006469727e-01 -2.478593960404396057e-02 -2.137926340103149414e+00
1.453322410583496094e+00 -1.989926993846893311e-01 -1.712430715560913086e+00
1.928022861480712891e+00 -4.944783747196197510e-01 -1.052116274833679199e+00
2.171848535537719727e+00 -5.574887990951538086e-01 -2.115466892719268799e-01
2.177145481109619141e+00 -5.590949654579162598e-01 1.411475092172622681e-01
2.135417699813842773e+00 -5.484783053398132324e-01 4.559576511383056641e-01
2.083294630050659180e+00 -5.349425673484802246e-01 6.614131331443786621e-01
2.015012025833129883e+00 -5.177817940711975098e-01 8.604423999786376953e-01
1.850708842277526855e+00 -3.542309701442718506e-01 1.235901594161987305e+00
1.681799411773681641e+00 -3.232170939445495605e-01 1.464614510536193848e+00
1.169477224349975586e+00 -1.527381241321563721e-01 1.919997215270996094e+00
1.172408223152160645e+00 -1.459335833787918091e-01 -1.917425274848937988e+00
1.701496005058288574e+00 -2.135293781757354736e-01 -1.461426854133605957e+00
1.689578175544738770e+00 -4.896198809146881104e-01 -1.406190633773803711e+00
1.858860969543457031e+00 -2.524867951869964600e-01 -1.248385787010192871e+00
1.998427391052246094e+00 -3.157317340373992920e-01 -9.896294474601745605e-01
2.105086088180541992e+00 -3.328485786914825439e-01 -7.287192344665527344e-01
2.178654432296752930e+00 -3.447155654430389404e-01 -4.562488794326782227e-01
2.217933654785156250e+00 -3.511509895324707031e-01 -1.765359044075012207e-01
2.223018407821655273e+00 -3.521398901939392090e-01 7.072030007839202881e-02
2.202558755874633789e+00 -3.490919768810272217e-01 3.170213401317596436e-01
2.145952701568603516e+00 -3.403433859348297119e-01 5.936644673347473145e-01
2.079646587371826172e+00 -3.299385309219360352e-01 7.964471578598022461e-01
2.026091098785400391e+00 -3.215385675430297852e-01 9.270731806755065918e-01
1.381054401397705078e+00 -1.325493007898330688e-01 1.775993943214416504e+00
7.254663705825805664e-01 5.253205820918083191e-02 2.133245468139648438e+00
1.930208444595336914e+00 -1.015470921993255615e-01 -1.158085584640502930e+00
1.977465033531188965e+00 -1.244561746716499329e-01 1.071925997734069824e+00
3.996033072471618652e-01 -1.250936239957809448e-01 -2.218260049819946289e+00
4.694479405879974365e-01 1.068021729588508606e-01 -2.202675342559814453e+00
1.079415798187255859e+00 6.707818061113357544e-02 -1.976793527603149414e+00
2.066874742507934570e+00 -6.593786925077438354e-02 -8.932355046272277832e-01
2.162417411804199219e+00 -6.862706691026687622e-02 -6.275590658187866211e-01
2.223978281021118164e+00 -7.026051729917526245e-02 -3.519095480442047119e-01
2.248969316482543945e+00 -4.986243695020675659e-02 -1.056429818272590637e-01
2.244452238082885742e+00 -1.412511467933654785e-01 1.059146374464035034e-01
2.213562250137329102e+00 -1.394247263669967651e-01 3.865717351436614990e-01
2.151986837387084961e+00 -6.813422590494155884e-02 6.615211963653564453e-01
2.078531026840209961e+00 -6.590940058231353760e-02 8.621918559074401855e-01
1.842835187911987305e+00 -5.898397415876388550e-02 1.293273568153381348e+00
1.617557406425476074e+00 1.035774871706962585e-02 1.570871829986572266e+00
6.139625310897827148e-01 1.511932164430618286e-01 2.165261030197143555e+00
8.356197476387023926e-01 1.753507554531097412e-01 -2.085239171981811523e+00
1.323256492614746094e+00 1.217091307044029236e-01 -1.820111274719238281e+00
1.621953248977661133e+00 5.323426052927970886e-02 -1.563964366912841797e+00
1.835544586181640625e+00 7.267456501722335815e-02 -1.302618622779846191e+00
2.243313312530517578e+00 6.041117012500762939e-02 1.998274326324462891e-01
2.190083742141723633e+00 9.983386099338531494e-02 5.214851498603820801e-01
1.006662487983703613e+00 1.639073938131332397e-01 2.010217905044555664e+00
1.986461877822875977e+00 1.255139261484146118e-01 -1.052114605903625488e+00
2.102257728576660156e+00 1.326236575841903687e-01 -7.947680950164794922e-01
2.188720226287841797e+00 2.082304954528808594e-01 -4.907879233360290527e-01
2.241874694824218750e+00 1.412252187728881836e-01 -1.763177365064620972e-01
2.096363782882690430e+00 1.976149082183837891e-01 7.964447140693664551e-01
1.992165446281433105e+00 9.201533347368240356e-02 1.049059867858886719e+00
1.794425606727600098e+00 1.684852093458175659e-01 1.350398659706115723e+00
1.412854194641113281e+00 1.646466702222824097e-01 1.746453762054443359e+00
1.234607458114624023e+00 2.455354779958724976e-01 1.869750380516052246e+00
1.553408980369567871e+00 2.484920024871826172e-01 -1.613863587379455566e+00
1.779951333999633789e+00 2.830629348754882812e-01 -1.350398302078247070e+00
1.932928085327148438e+00 3.070470690727233887e-01 -1.114457607269287109e+00
2.026091098785400391e+00 3.215385675430297852e-01 -9.270731806755065918e-01
2.104911565780639648e+00 3.339518010616302490e-01 -7.287187576293945312e-01
2.212546825408935547e+00 3.498158454895019531e-01 -2.468125373125076294e-01
2.222555398941040039e+00 3.687799870967864990e-01 1.488939579576253891e-02
2.202633380889892578e+00 3.486204147338867188e-01 3.170215189456939697e-01
2.146094083786010742e+00 3.394515514373779297e-01 5.936637520790100098e-01
1.995280742645263672e+00 3.005972206592559814e-01 1.000212788581848145e+00
1.895548582077026367e+00 2.994295954704284668e-01 1.176697492599487305e+00
2.144049882888793945e+00 4.805447757244110107e-01 -4.918036758899688721e-01
1.724419713020324707e+00 4.372904896736145020e-01 1.383251905441284180e+00
1.601131558418273926e+00 2.964110374450683594e-01 1.555958390235900879e+00
8.874045312404632568e-02 3.181668817996978760e-01 -2.232928276062011719e+00
1.025963425636291504e+00 3.548565804958343506e-01 -1.974486231803894043e+00
1.289000391960144043e+00 4.208014905452728271e-01 -1.798594474792480469e+00
1.492725372314453125e+00 4.866957068443298340e-01 -1.615579128265380859e+00
1.673273921012878418e+00 5.450973510742187500e-01 -1.407084345817565918e+00
1.806228637695312500e+00 5.256134867668151855e-01 -1.236327767372131348e+00
1.911871433258056641e+00 5.563179850578308105e-01 -1.052566051483154297e+00
1.953762173652648926e+00 6.517716050148010254e-01 -9.153035879135131836e-01
2.048895120620727539e+00 6.465819478034973145e-01 -6.802530884742736816e-01
2.167494773864746094e+00 5.566197037696838379e-01 -2.467299699783325195e-01
2.180396795272827148e+00 5.597826838493347168e-01 7.060730457305908203e-02
2.143449783325195312e+00 6.402533054351806641e-01 2.615037262439727783e-01
2.110746383666992188e+00 5.964539051055908203e-01 5.113957524299621582e-01
2.058520793914794922e+00 6.154830455780029297e-01 6.752867698669433594e-01
2.043697595596313477e+00 3.894466757774353027e-01 8.604441285133361816e-01
1.997167944908142090e+00 5.796185731887817383e-01 8.621906638145446777e-01
1.912336587905883789e+00 5.547168254852294922e-01 1.052566170692443848e+00
1.815037250518798828e+00 6.082494258880615234e-01 1.188972830772399902e+00
1.490004897117614746e+00 4.884628355503082275e-01 1.617055296897888184e+00
1.275112748146057129e+00 3.885342180728912354e-01 1.817709922790527344e+00
8.359798192977905273e-01 3.062290847301483154e-01 2.067680597305297852e+00
2.109344959259033203e+00 6.855351924896240234e-01 -3.865747749805450439e-01
2.136354684829711914e+00 6.941725611686706543e-01 -1.412121057510375977e-01
2.115034580230712891e+00 7.723999023437500000e-01 1.170508190989494324e-02
1.785453677177429199e+00 7.076026797294616699e-01 -1.174811244010925293e+00
2.017250299453735352e+00 8.743888139724731445e-01 -4.907900094985961914e-01
2.080639839172363281e+00 8.238911032676696777e-01 -2.467314898967742920e-01
2.056961059570312500e+00 8.708311319351196289e-01 3.005515336990356445e-01
2.000104904174804688e+00 8.838315606117248535e-01 5.393590331077575684e-01
1.934240221977233887e+00 8.363527059555053711e-01 7.951961159706115723e-01
1.801421165466308594e+00 7.857422828674316406e-01 1.103995323181152344e+00
1.614890813827514648e+00 6.975200176239013672e-01 1.406189084053039551e+00
1.309743046760559082e+00 6.780511736869812012e-01 1.703729629516601562e+00
9.480417370796203613e-01 5.165791511535644531e-01 1.977906107902526855e+00
6.891955137252807617e-01 5.560756921768188477e-01 -2.073439598083496094e+00
9.782036542892456055e-01 6.306030750274658203e-01 -1.930598735809326172e+00
1.308780431747436523e+00 6.410622596740722656e-01 -1.718567371368408203e+00
1.482889533042907715e+00 7.566744685173034668e-01 -1.514913678169250488e+00
1.579439640045166016e+00 8.697744011878967285e-01 -1.351344347000122070e+00
1.703959822654724121e+00 9.551213979721069336e-01 -1.123823046684265137e+00
1.802343606948852539e+00 9.192128777503967285e-01 -9.896309971809387207e-01
1.898693442344665527e+00 9.680597186088562012e-01 -7.287188768386840820e-01
1.981069207191467285e+00 1.027821063995361328e+00 -3.027000427246093750e-01
2.006728172302246094e+00 1.022508144378662109e+00 -3.534314036369323730e-02
1.416506528854370117e+00 7.770832777023315430e-01 1.568527102470397949e+00
1.093297362327575684e+00 6.075701713562011719e-01 1.872896909713745117e+00
1.291993379592895508e+00 8.801573514938354492e-01 -1.622331023216247559e+00
1.888566017150878906e+00 1.134391665458679199e+00 -4.680807292461395264e-01
1.928022861480712891e+00 1.162750363349914551e+00 8.618208765983581543e-02
1.910132527351379395e+00 1.129310131072998047e+00 3.868286609649658203e-01
1.840017199516296387e+00 1.071321368217468262e+00 7.404983639717102051e-01
1.701555848121643066e+00 1.071531176567077637e+00 1.018797159194946289e+00
1.639151930809020996e+00 9.881179928779602051e-01 1.186725139617919922e+00
1.514734387397766113e+00 8.944196701049804688e-01 1.406188964843750000e+00
6.906057596206665039e-01 5.428236126899719238e-01 2.074341058731079102e+00
1.140928506851196289e+00 8.311656117439270020e-01 -1.755389571189880371e+00
1.369366884231567383e+00 1.017495989799499512e+00 -1.471206903457641602e+00
1.638249516487121582e+00 1.186707139015197754e+00 -9.923070669174194336e-01
1.762392044067382812e+00 1.198395252227783203e+00 -7.287186980247497559e-01
1.846198081970214844e+00 1.260341525077819824e+00 -2.797085642814636230e-01
4.781749844551086426e-01 5.096334218978881836e-01 2.142190694808959961e+00
1.487584590911865234e+00 1.155166268348693848e+00 -1.234871149063110352e+00
1.759318590164184570e+00 1.356805086135864258e+00 -3.822695016860961914e-01
1.780476212501525879e+00 1.381078124046325684e+00 7.884406016955836094e-08
1.803360939025878906e+00 1.310059428215026855e+00 3.168101310729980469e-01
1.792571783065795898e+00 1.213086009025573730e+00 6.254175305366516113e-01
1.684350967407226562e+00 1.305809617042541504e+00 7.287185788154602051e-01
1.547008275985717773e+00 1.198856234550476074e+00 1.114456653594970703e+00
1.424804687500000000e+00 1.103758215904235840e+00 1.350398659706115723e+00
1.280344247817993164e+00 9.913469552993774414e-01 1.565008997917175293e+00
1.065740466117858887e+00 8.408691287040710449e-01 1.799012422561645508e+00
8.160028457641601562e-01 8.287777900695800781e-01 1.930872559547424316e+00
5.214257836341857910e-01 3.859445750713348389e-01 -2.159013271331787109e+00
1.602456808090209961e+00 1.372482299804687500e+00 -7.915310859680175781e-01
1.591667532920837402e+00 1.497389674186706543e+00 -5.486564040184020996e-01
1.686483979225158691e+00 1.491740822792053223e+00 1.084857583045959473e-01
1.659660577774047852e+00 1.463779807090759277e+00 4.215195775032043457e-01
1.549221038818359375e+00 1.366949915885925293e+00 8.947448730468750000e-01
7.745778560638427734e-01 8.607853651046752930e-01 -1.935130119323730469e+00
1.034902334213256836e+00 1.037272930145263672e+00 -1.709932208061218262e+00
1.178172349929809570e+00 1.180065155029296875e+00 -1.513544797897338867e+00
1.272062063217163086e+00 1.273319482803344727e+00 -1.351835012435913086e+00
1.357850790023803711e+00 1.359192609786987305e+00 -1.175246119499206543e+00
1.428798437118530273e+00 1.429747104644775391e+00 -9.910265207290649414e-01
1.476115584373474121e+00 1.497694969177246094e+00 -8.063691854476928711e-01
1.559051752090454102e+00 1.582127809524536133e+00 -3.726496994495391846e-01
1.586957693099975586e+00 1.587133288383483887e+00 -1.768662631511688232e-01
1.569028258323669434e+00 1.473019242286682129e+00 6.611341238021850586e-01
1.408556222915649414e+00 1.407377243041992188e+00 1.052566289901733398e+00
1.270533919334411621e+00 1.325458884239196777e+00 1.305696010589599609e+00
1.180065155029296875e+00 1.178172349929809570e+00 1.513544797897338867e+00
1.009844422340393066e+00 1.050418972969055176e+00 1.717558860778808594e+00
1.482062101364135742e+00 1.695765137672424316e+00 -2.398861385881900787e-02
1.480756163597106934e+00 1.679307222366333008e+00 2.469007372856140137e-01
1.462564587593078613e+00 1.634598255157470703e+00 5.113970041275024414e-01
1.442218661308288574e+00 1.535276889801025391e+00 7.947721481323242188e-01
7.762333154678344727e-01 1.040560483932495117e+00 -1.840143442153930664e+00
9.622817039489746094e-01 1.244523644447326660e+00 -1.613864421844482422e+00
1.069725990295410156e+00 1.457518100738525391e+00 -1.344879508018493652e+00
1.198856234550476074e+00 1.547008275985717773e+00 -1.114456653594970703e+00
1.275126218795776367e+00 1.644971966743469238e+00 -8.608837127685546875e-01
1.384162068367004395e+00 1.673564076423645020e+00 -5.933065414428710938e-01
1.420707941055297852e+00 1.717543363571166992e+00 -3.168109953403472900e-01
1.372037529945373535e+00 1.658055782318115234e+00 6.611337065696716309e-01
1.308632135391235352e+00 1.581167817115783691e+00 9.252685308456420898e-01
1.224705696105957031e+00 1.479406595230102539e+00 1.174810528755187988e+00
1.060692667961120605e+00 1.392959475517272949e+00 1.416191697120666504e+00
9.241529107093811035e-01 1.269269824028015137e+00 1.615578174591064453e+00
5.643405914306640625e-01 9.308134317398071289e-01 1.973558902740478516e+00
4.057947397232055664e-01 8.748057484626770020e-01 2.038297176361083984e+00
3.594487011432647705e-01 5.874602198600769043e-01 -2.144893169403076172e+00
1.276346921920776367e+00 1.757173895835876465e+00 -5.933063626289367676e-01
1.310059428215026855e+00 1.803360939025878906e+00 -3.168101310729980469e-01
1.321208000183105469e+00 1.818496584892272949e+00 -1.059605851769447327e-01
1.321900367736816406e+00 1.819367051124572754e+00 1.059176027774810791e-01
1.303806543350219727e+00 1.794263839721679688e+00 3.865754604339599609e-01
1.220818281173706055e+00 1.795645713806152344e+00 5.946862101554870605e-01
1.184992671012878418e+00 1.742573380470275879e+00 7.951969504356384277e-01
1.119890570640563965e+00 1.646386384963989258e+00 1.052565693855285645e+00
9.928376078605651855e-01 1.551761031150817871e+00 1.296819686889648438e+00
6.372258663177490234e-01 1.211845874786376953e+00 -1.790711760520935059e+00
7.899842262268066406e-01 1.401706933975219727e+00 -1.576755404472351074e+00
9.110542535781860352e-01 1.462852001190185547e+00 -1.451267361640930176e+00
9.099665880203247070e-01 1.648048520088195801e+00 -1.237589359283447266e+00
1.029230356216430664e+00 1.741860866546630859e+00 -9.896312355995178223e-01
1.043329954147338867e+00 1.865334630012512207e+00 -7.146560549736022949e-01
1.122524738311767578e+00 1.898763179779052734e+00 -4.562491774559020996e-01
1.142969489097595215e+00 1.932914257049560547e+00 -1.765339821577072144e-01
1.205053091049194336e+00 1.898779630661010742e+00 1.059180647134780884e-01
1.188570618629455566e+00 1.872590184211730957e+00 3.865754902362823486e-01
7.790824174880981445e-01 1.432385206222534180e+00 1.557054877281188965e+00
1.022003769874572754e+00 2.005739688873291016e+00 3.541017323732376099e-02
1.016607761383056641e+00 1.994798660278320312e+00 2.468989342451095581e-01
9.947501420974731445e-01 1.951429843902587891e+00 5.252177119255065918e-01
8.885705471038818359e-01 1.914699196815490723e+00 7.907239794731140137e-01
9.328100085258483887e-01 1.829153180122375488e+00 9.257157444953918457e-01
8.730701804161071777e-01 1.711406588554382324e+00 1.175245642662048340e+00
7.068644762039184570e-01 1.143559813499450684e+00 1.809290051460266113e+00
2.187733948230743408e-01 7.715176939964294434e-01 2.106051683425903320e+00
1.485731005668640137e-01 4.937104284763336182e-01 2.194449901580810547e+00
6.796070337295532227e-01 1.573668718338012695e+00 -1.460588812828063965e+00
7.866840958595275879e-01 1.830608367919921875e+00 -1.052418351173400879e+00
8.854587674140930176e-01 1.882639646530151367e+00 -8.604432940483093262e-01
8.901447057723999023e-01 2.014641046524047852e+00 -4.705434441566467285e-01
9.555822610855102539e-01 2.030880928039550781e+00 -1.764112859964370728e-01
6.602808833122253418e-01 1.712513804435729980e+00 1.306630492210388184e+00
4.642899930477142334e-01 1.413990139961242676e+00 -1.691390991210937500e+00
7.237248420715332031e-01 2.016248226165771484e+00 -6.980279088020324707e-01
7.540689706802368164e-01 2.093416929244995117e+00 -3.519115149974822998e-01
8.286754488945007324e-01 2.093032598495483398e+00 -3.531636670231819153e-02
8.238911032676696777e-01 2.080639839172363281e+00 2.467314898967742920e-01
8.061569929122924805e-01 2.035518646240234375e+00 5.248904228210449219e-01
7.332218289375305176e-01 1.850450754165649414e+00 1.052115559577941895e+00
5.307922363281250000e-01 1.590152025222778320e+00 1.504831910133361816e+00
4.979129433631896973e-01 1.378056764602661133e+00 1.709932327270507812e+00
3.853935897350311279e-01 1.179458022117614746e+00 1.879652142524719238e+00
7.974333316087722778e-02 6.600977182388305664e-01 -2.153442859649658203e+00
4.071956276893615723e-01 8.428600430488586426e-01 -2.049400806427001953e+00
3.119944930076599121e-01 1.164226889610290527e+00 -1.903374075889587402e+00
4.639398753643035889e-01 1.601687669754028320e+00 -1.513544917106628418e+00
5.783903002738952637e-01 1.770626664161682129e+00 -1.268620252609252930e+00
5.547168254852294922e-01 1.912336587905883789e+00 -1.052566170692443848e+00
5.873330831527709961e-01 2.023811340332031250e+00 -7.951950430870056152e-01
6.419427394866943359e-01 2.158863306045532227e+00 -5.665410682559013367e-02
6.262952089309692383e-01 2.155267953872680664e+00 1.768703758716583252e-01
6.193612813949584961e-01 2.130806922912597656e+00 3.868296146392822266e-01
6.011700034141540527e-01 2.067434549331665039e+00 6.615203022956848145e-01
5.735390782356262207e-01 1.971544981002807617e+00 9.257153272628784180e-01
5.239119529724121094e-01 1.818246841430664062e+00 1.224986910820007324e+00
2.011176198720932007e-01 1.010060310363769531e+00 2.003897905349731445e+00
1.969416588544845581e-01 9.400376081466674805e-01 -2.036327362060546875e+00
5.442533493041992188e-01 2.120616674423217773e+00 -5.248887538909912109e-01
5.564273595809936523e-01 2.167544126510620117e+00 -2.467311173677444458e-01
2.665276527404785156e-01 1.526444673538208008e+00 1.636596560478210449e+00
2.320643514394760132e-01 1.341797947883605957e+00 1.795801043510437012e+00
5.769794806838035583e-02 1.259541034698486328e+00 -1.868960261344909668e+00
1.751262694597244263e-01 1.400672197341918945e+00 -1.755390167236328125e+00
1.681165546178817749e-01 1.599971890449523926e+00 -1.578369975090026855e+00
2.872984707355499268e-01 1.824196577072143555e+00 -1.292331337928771973e+00
3.157317340373992920e-01 1.998427391052246094e+00 -9.896294474601745605e-01
3.328485786914825439e-01 2.105086088180541992e+00 -7.287192344665527344e-01
3.447155654430389404e-01 2.178654432296752930e+00 -4.562488794326782227e-01
3.676506280899047852e-01 2.213818550109863281e+00 -1.911943107843399048e-01
3.521398901939392090e-01 2.223018407821655273e+00 7.072030007839202881e-02
3.653329610824584961e-01 2.201723098754882812e+00 3.026981651782989502e-01
3.239585161209106445e-01 2.163898468017578125e+00 5.405700206756591797e-01
3.262495100498199463e-01 2.055587768554687500e+00 8.608836531639099121e-01
3.023469150066375732e-01 1.900032281875610352e+00 1.174357056617736816e+00
2.694030702114105225e-01 1.692843914031982422e+00 1.460589051246643066e+00
2.115665525197982788e-01 2.238903999328613281e+00 -1.061909720301628113e-01
-1.592020988464355469e-01 4.272055029869079590e-01 2.208362340927124023e+00
-6.602603942155838013e-02 8.405610918998718262e-01 -2.091740608215332031e+00
-1.124539002776145935e-01 1.078501701354980469e+00 -1.975834369659423828e+00
-2.608999051153659821e-02 1.767372488975524902e+00 -1.398037552833557129e+00
5.903768539428710938e-02 1.923031926155090332e+00 -1.174356698989868164e+00
6.471016258001327515e-02 2.080311298370361328e+00 -8.608818650245666504e-01
8.488515764474868774e-02 2.167024850845336914e+00 -6.076293587684631348e-01
1.398307383060455322e-01 2.224593162536621094e+00 -3.168095946311950684e-01
1.412511467933654785e-01 2.244452238082885742e+00 1.059146374464035034e-01
1.390279233455657959e-01 2.202278852462768555e+00 4.557082056999206543e-01
8.192528784275054932e-02 2.110328912734985352e+00 7.823223471641540527e-01
4.781983047723770142e-02 2.046689748764038086e+00 9.384788274765014648e-01
6.074406579136848450e-02 1.885251045227050781e+00 1.233954310417175293e+00
5.371583998203277588e-02 1.666659355163574219e+00 1.513546466827392578e+00
3.090078011155128479e-02 1.455776691436767578e+00 1.717549204826354980e+00
4.111808538436889648e-02 1.239568471908569336e+00 1.879358291625976562e+00
4.470280371606349945e-03 9.447523355484008789e-01 2.046620845794677734e+00
-6.285893172025680542e-02 6.953710317611694336e-01 2.142750501632690430e+00
-5.874175205826759338e-02 1.563588976860046387e+00 -1.622339606285095215e+00
-6.962649524211883545e-02 2.204657793045043945e+00 -4.562488794326782227e-01
-5.117659643292427063e-02 2.247106313705444336e+00 -1.567363739013671875e-01
-6.034258753061294556e-02 2.247135877609252930e+00 1.297498792409896851e-01
4.737104754894971848e-04 2.206662654876708984e+00 4.557097852230072021e-01
-2.495570927858352661e-01 1.915253281593322754e+00 -1.159723401069641113e+00
-1.274776607751846313e-01 2.018416881561279297e+00 -9.891781806945800781e-01
-1.340880841016769409e-01 2.126103401184082031e+00 -7.283115983009338379e-01
-1.412682980298995972e-01 2.245190382003784180e+00 -7.063715904951095581e-02
-1.398307383060455322e-01 2.224593162536621094e+00 3.168095946311950684e-01
-1.361142396926879883e-01 2.167531490325927734e+00 5.933073163032531738e-01
-2.448602914810180664e-01 2.064907550811767578e+00 8.697097301483154297e-01
-2.443810850381851196e-01 1.942844867706298828e+00 1.115541100502014160e+00
-2.247085124254226685e-01 1.789033770561218262e+00 1.351344823837280273e+00
-2.015088200569152832e-01 1.607332706451416016e+00 1.565724611282348633e+00
-1.751262694597244263e-01 1.400672197341918945e+00 1.755390167236328125e+00
-1.459335833787918091e-01 1.172408223152160645e+00 1.917425274848937988e+00
-2.421769052743911743e-01 1.396348357200622559e+00 -1.752444982528686523e+00
-3.087186217308044434e-01 1.619682431221008301e+00 -1.535660982131958008e+00
-2.894864380359649658e-01 1.820911645889282227e+00 -1.293273210525512695e+00
-3.219149112701416016e-01 2.027882337570190430e+00 -9.257157444953918457e-01
-3.336502909660339355e-01 2.103361606597900391e+00 -7.299072146415710449e-01
-3.430389761924743652e-01 2.163314580917358398e+00 -5.252177715301513672e-01
-2.805724143981933594e-01 2.220166444778442383e+00 -2.467316091060638428e-01
-3.684643805027008057e-01 2.220052242279052734e+00 -9.137164801359176636e-02
-3.511509895324707031e-01 2.217933654785156250e+00 1.765359044075012207e-01
-3.447155654430389404e-01 2.178654432296752930e+00 4.562488794326782227e-01
-3.328485786914825439e-01 2.105086088180541992e+00 7.287192344665527344e-01
-3.017835319042205811e-01 4.666517078876495361e-01 -2.185872793197631836e+00
-3.769024908542633057e-01 9.704802632331848145e-01 -1.998792171478271484e+00
-5.183780193328857422e-01 2.159483909606933594e+00 -3.825958967208862305e-01
-5.256047248840332031e-01 1.630258917808532715e+00 -1.463051438331604004e+00
-5.264295935630798340e-01 1.808366298675537109e+00 -1.234871387481689453e+00
-5.652056932449340820e-01 1.942662119865417480e+00 -9.896317720413208008e-01
-5.301058888435363770e-01 2.063317060470581055e+00 -7.283160686492919922e-01
-5.598402619361877441e-01 2.180382490158081055e+00 -3.531308844685554504e-02
-5.564273595809936523e-01 2.167544126510620117e+00 2.467311173677444458e-01
-6.344512701034545898e-01 2.123457431793212891e+00 4.012503921985626221e-01
-5.850064754486083984e-01 2.068149805068969727e+00 6.730074882507324219e-01
-5.721525549888610840e-01 1.971948027610778809e+00 9.257150292396545410e-01
-5.856494903564453125e-01 1.813644647598266602e+00 1.202950477600097656e+00
-5.104410648345947266e-01 1.639642715454101562e+00 1.460501074790954590e+00
-5.085997581481933594e-01 1.404122352600097656e+00 1.688401699066162109e+00
-4.661639630794525146e-01 1.146347761154174805e+00 1.885701060295104980e+00
-3.288280367851257324e-01 8.883299827575683594e-01 2.046379327774047852e+00
-4.213055372238159180e-01 7.695505619049072266e-01 -2.075078964233398438e+00
-3.769445717334747314e-01 1.206377863883972168e+00 -1.864967465400695801e+00
-4.970552027225494385e-01 1.424831271171569824e+00 -1.671268224716186523e+00
-7.045459151268005371e-01 2.006218433380126953e+00 -7.422661781311035156e-01
-7.521996498107910156e-01 2.042107820510864258e+00 -5.800518393516540527e-01
-6.923386454582214355e-01 2.129997968673706055e+00 -2.465978711843490601e-01
-7.706680893898010254e-01 2.113162755966186523e+00 1.290844529867172241e-01
-6.078635454177856445e-01 1.270717978477478027e+00 -1.757387995719909668e+00
-6.958233714103698730e-01 1.459744453430175781e+00 -1.568077683448791504e+00
-7.327822446823120117e-01 1.701808929443359375e+00 -1.283689975738525391e+00
-7.449634075164794922e-01 1.880234360694885254e+00 -9.891807436943054199e-01
-8.810234665870666504e-01 2.035240650177001953e+00 -3.875377476215362549e-01
-9.016970992088317871e-01 2.058995723724365234e+00 -1.533758342266082764e-01
-9.066251516342163086e-01 2.047142028808593750e+00 2.627631425857543945e-01
-7.588272690773010254e-01 2.017355203628540039e+00 6.578080654144287109e-01
-7.440544962882995605e-01 1.880594611167907715e+00 9.891800880432128906e-01
-4.419615864753723145e-01 5.219382047653198242e-01 2.149315118789672852e+00
-6.142302155494689941e-01 9.755730032920837402e-01 -1.937080740928649902e+00
-8.324234485626220703e-01 1.517935276031494141e+00 -1.440845131874084473e+00
-9.071722030639648438e-01 1.605799078941345215e+00 -1.293819069862365723e+00
-9.045409560203552246e-01 1.742593884468078613e+00 -1.103116035461425781e+00
-9.318986535072326660e-01 1.827566146850585938e+00 -9.270720481872558594e-01
-9.564336538314819336e-01 1.875905156135559082e+00 -7.964493632316589355e-01
-9.249382615089416504e-01 1.964996337890625000e+00 -5.933064818382263184e-01
-9.860163927078247070e-01 1.936160326004028320e+00 5.936657190322875977e-01
-9.443032741546630859e-01 1.854770302772521973e+00 8.608822822570800781e-01
-8.877405524253845215e-01 1.744249820709228516e+00 1.114456653594970703e+00
-8.172259330749511719e-01 1.606391549110412598e+00 1.350398063659667969e+00
-7.448525428771972656e-01 1.445448160171508789e+00 1.557738065719604492e+00
-1.089372634887695312e+00 1.843335628509521484e+00 -6.963459849357604980e-01
-1.062303662300109863e+00 1.931928753852844238e+00 -4.559571743011474609e-01
-1.141554474830627441e+00 1.929186344146728516e+00 -2.122031152248382568e-01
-1.085012793540954590e+00 1.973631024360656738e+00 -1.920000300970059470e-07
-1.073707461357116699e+00 1.953335404396057129e+00 3.168103098869323730e-01
-7.691792249679565430e-01 1.159116506576538086e+00 1.772632241249084473e+00
-7.773033976554870605e-01 1.109996795654296875e+00 -1.799831986427307129e+00
-8.172469139099121094e-01 1.338720679283142090e+00 -1.615292310714721680e+00
-1.066974163055419922e+00 1.680281996726989746e+00 -1.052116155624389648e+00
-1.169382214546203613e+00 1.719644665718078613e+00 -8.621934652328491211e-01
-1.220745205879211426e+00 1.798884153366088867e+00 -5.934276580810546875e-01
-1.252982378005981445e+00 1.843312501907348633e+00 -3.176070749759674072e-01
-1.279596686363220215e+00 1.853507757186889648e+00 -5.577239394187927246e-02
-1.199002265930175781e+00 1.889511466026306152e+00 2.467299848794937134e-01
-1.172922015190124512e+00 1.848642468452453613e+00 5.248897671699523926e-01
-1.221477985382080078e+00 1.767574667930603027e+00 6.752857565879821777e-01
-1.206885576248168945e+00 1.662610888481140137e+00 9.268037676811218262e-01
-1.128925323486328125e+00 1.555719137191772461e+00 1.176307559013366699e+00
-9.877652525901794434e-01 1.455584406852722168e+00 1.406189203262329102e+00
-9.397182464599609375e-01 1.244419336318969727e+00 1.626983165740966797e+00
-7.793799638748168945e-01 9.131468534469604492e-01 1.908016204833984375e+00
-9.806048274040222168e-01 1.116967678070068359e+00 -1.693147778511047363e+00
-1.023095369338989258e+00 1.316782593727111816e+00 -1.513545870780944824e+00
-1.130910396575927734e+00 1.456214785575866699e+00 -1.293274044990539551e+00
-1.170375108718872070e+00 1.609969377517700195e+00 -1.052117109298706055e+00
-1.357041239738464355e+00 1.723207831382751465e+00 -5.113972425460815430e-01
-1.395225882530212402e+00 1.767089605331420898e+00 8.618097752332687378e-02
-1.303548932075500488e+00 1.794451236724853516e+00 3.865748941898345947e-01
-6.573612689971923828e-01 7.031527161598205566e-01 2.036313056945800781e+00
-6.219662427902221680e-01 6.065060496330261230e-01 -2.079586029052734375e+00
-1.305068254470825195e+00 1.482170701026916504e+00 -1.083412170410156250e+00
-1.342971801757812500e+00 1.622805595397949219e+00 -7.947713136672973633e-01
-1.483606696128845215e+00 1.681963086128234863e+00 -2.117421329021453857e-01
-1.456632852554321289e+00 1.676899552345275879e+00 3.726494014263153076e-01
-1.371592760086059570e+00 1.658423662185668945e+00 6.611339449882507324e-01
-1.162408947944641113e+00 1.320305943489074707e+00 1.406190514564514160e+00
-8.857542276382446289e-01 8.757764101028442383e-01 -1.877905845642089844e+00
-1.195588350296020508e+00 1.076449155807495117e+00 -1.578369498252868652e+00
-1.295716166496276855e+00 1.240549802780151367e+00 -1.363415479660034180e+00
-1.472185134887695312e+00 1.471241831779479980e+00 -8.608823418617248535e-01
-1.472408890724182129e+00 1.567895174026489258e+00 -6.614108085632324219e-01
-1.509380698204040527e+00 1.607049584388732910e+00 -4.559564888477325439e-01
-1.579481840133666992e+00 1.603008031845092773e+00 9.137422591447830200e-02
-1.548525452613830566e+00 1.549088239669799805e+00 5.252180695533752441e-01
-1.489662051200866699e+00 1.490528821945190430e+00 7.951971888542175293e-01
-1.407377243041992188e+00 1.408556222915649414e+00 1.052566289901733398e+00
-1.329594373703002930e+00 1.330755352973937988e+00 1.236327886581420898e+00
-1.040063023567199707e+00 1.019072890281677246e+00 1.717549204826354980e+00
-2.278491556644439697e-01 -3.082919167354702950e-03 -2.246741533279418945e+00
-1.444231748580932617e+00 1.279850244522094727e+00 -1.165069580078125000e+00
-1.614216327667236328e+00 1.422512412071228027e+00 -6.626259684562683105e-01
-1.607309699058532715e+00 1.509103894233703613e+00 -4.559558629989624023e-01
-1.636191725730895996e+00 1.536388993263244629e+00 -1.764113008975982666e-01
-1.673741459846496582e+00 1.488523364067077637e+00 2.356655001640319824e-01
-1.341961026191711426e+00 1.137891530990600586e+00 1.406774997711181641e+00
-1.142278313636779785e+00 1.143712162971496582e+00 1.566348314285278320e+00
-1.115991830825805664e+00 8.634010553359985352e-01 -1.754927277565002441e+00
-1.603287935256958008e+00 1.325833320617675781e+00 -8.604453206062316895e-01
-1.743101000785827637e+00 1.351651668548583984e+00 -4.562487006187438965e-01
-1.768269300460815430e+00 1.371391296386718750e+00 -2.473629862070083618e-01
-1.786041736602783203e+00 1.373307347297668457e+00 -1.217084564268589020e-02
-1.698653459548950195e+00 1.405494689941406250e+00 4.559563100337982178e-01
-1.671369791030883789e+00 1.315739154815673828e+00 7.400565743446350098e-01
-1.620574116706848145e+00 1.257843494415283203e+00 9.270735979080200195e-01
-1.545916318893432617e+00 1.200263857841491699e+00 1.114456772804260254e+00
-1.454474210739135742e+00 1.129289627075195312e+00 1.294720649719238281e+00
-1.278610229492187500e+00 9.935822486877441406e-01 1.565008997917175293e+00
-1.141058087348937988e+00 7.842277288436889648e-01 1.778297424316406250e+00
-9.854905009269714355e-01 6.132711172103881836e-01 1.932616710662841797e+00
-9.636251330375671387e-01 6.201470494270324707e-01 -1.941280007362365723e+00
-1.353395819664001465e+00 9.034166336059570312e-01 -1.556521177291870117e+00
-1.491298794746398926e+00 1.012115597724914551e+00 -1.350398778915405273e+00
-1.673798203468322754e+00 1.136571884155273438e+00 -9.896304607391357422e-01
-1.763019800186157227e+00 1.197471261024475098e+00 -7.287189364433288574e-01
-1.803209066390991211e+00 1.310268402099609375e+00 3.168103992938995361e-01
-1.756874442100524902e+00 1.276759147644042969e+00 5.933063030242919922e-01
-6.863744258880615234e-01 3.503915369510650635e-01 -2.117213010787963867e+00
-1.247590422630310059e+00 6.472151875495910645e-01 -1.761089324951171875e+00
-1.874497771263122559e+00 1.189122796058654785e+00 -3.863649666309356689e-01
-1.900681138038635254e+00 1.206192016601562500e+00 -3.531852737069129944e-02
-1.931803822517395020e+00 1.142611384391784668e+00 1.768669933080673218e-01
-1.909835577011108398e+00 1.129812479019165039e+00 3.868281543254852295e-01
-1.868759155273437500e+00 1.105659246444702148e+00 5.946847200393676758e-01
-1.778328299522399902e+00 1.128990530967712402e+00 7.947712540626525879e-01
-1.739473104476928711e+00 1.029500722885131836e+00 9.910283088684082031e-01
-1.653208971023559570e+00 9.788076877593994141e-01 1.175245642662048340e+00
-1.548759460449218750e+00 9.169672131538391113e-01 1.351835012435913086e+00
-1.434627175331115723e+00 8.499906659126281738e-01 1.513546347618103027e+00
-1.372155189514160156e+00 6.956727504730224609e-01 1.646198153495788574e+00
-1.386726260185241699e+00 6.387743353843688965e-01 -1.656116127967834473e+00
-1.552234411239624023e+00 7.288692593574523926e-01 -1.461427211761474609e+00
-1.706694006919860840e+00 7.852672338485717773e-01 -1.244363546371459961e+00
-1.744249820709228516e+00 8.877405524253845215e-01 -1.114456653594970703e+00
-1.854770302772521973e+00 9.443032741546630859e-01 -8.608822822570800781e-01
-1.936160326004028320e+00 9.860163927078247070e-01 -5.936657190322875977e-01
-1.987099051475524902e+00 1.012208938598632812e+00 -3.170222640037536621e-01
-2.001917362213134766e+00 1.030944705009460449e+00 -4.670790210366249084e-02
-1.845709323883056641e+00 1.015100479125976562e+00 7.947708368301391602e-01
-1.009543895721435547e+00 3.899630308151245117e-01 -1.975708484649658203e+00
-1.231041431427001953e+00 3.876391649246215820e-01 -1.847701430320739746e+00
-2.030820846557617188e+00 9.557098746299743652e-01 1.764114052057266235e-01
-1.982517123222351074e+00 9.335114359855651855e-01 5.246069431304931641e-01
-1.932258605957031250e+00 8.367579579353332520e-01 7.964484691619873047e-01
-1.882473826408386230e+00 8.153057098388671875e-01 9.270733594894409180e-01
-1.765148282051086426e+00 7.653676271438598633e-01 1.174357056617736816e+00
-1.572662472724914551e+00 6.819318532943725586e-01 1.460589051246643066e+00
-1.880594611167907715e+00 7.440544962882995605e-01 -9.891800880432128906e-01
-1.980847477912902832e+00 7.839233279228210449e-01 -7.283136844635009766e-01
-2.049976825714111328e+00 8.114387392997741699e-01 -4.559574127197265625e-01
-2.089975118637084961e+00 8.273779749870300293e-01 -1.411461234092712402e-01
-2.114225864410400391e+00 7.615534663200378418e-01 1.415877491235733032e-01
-2.072408437728881836e+00 8.206637501716613770e-01 3.168113529682159424e-01
-2.019196510314941406e+00 7.997303605079650879e-01 5.933052897453308105e-01
-8.672279715538024902e-01 2.265038490295410156e-01 -2.067403078079223633e+00
-1.407536506652832031e+00 4.071819484233856201e-01 -1.709932804107666016e+00
-1.649767637252807617e+00 4.772495031356811523e-01 -1.459581851959228516e+00
-1.845219612121582031e+00 5.350983738899230957e-01 -1.175245165824890137e+00
-1.915510892868041992e+00 4.876570701599121094e-01 -1.084775805473327637e+00
-1.997167944908142090e+00 5.796185731887817383e-01 -8.621906638145446777e-01
-2.078563928604125977e+00 6.232816576957702637e-01 -6.088060140609741211e-01
-2.128328561782836914e+00 6.914304494857788086e-01 -2.467316240072250366e-01
-2.162435770034790039e+00 6.282450556755065918e-01 -1.085670760403445456e-06
-2.109344959259033203e+00 6.855351924896240234e-01 3.865747749805450439e-01
-2.046701192855834961e+00 6.653177738189697266e-01 6.611353158950805664e-01
-1.951871991157531738e+00 6.346689462661743164e-01 9.252687692642211914e-01
-1.834648966789245605e+00 5.487513542175292969e-01 1.185120463371276855e+00
-1.688909769058227539e+00 4.919216036796569824e-01 1.406190276145935059e+00
-1.511114239692687988e+00 4.529489576816558838e-01 1.606805443763732910e+00
-1.246735215187072754e+00 5.430759787559509277e-01 1.797060370445251465e+00
-1.418848991394042969e+00 3.599608242511749268e-01 1.711795210838317871e+00
-1.190398693084716797e+00 3.480946421623229980e-01 1.879358649253845215e+00
-1.076768040657043457e+00 1.649127006530761719e-01 1.972726583480834961e+00
-8.262903094291687012e-01 4.402613341808319092e-01 2.049730777740478516e+00
-7.904427647590637207e-01 1.652764976024627686e-01 2.104774475097656250e+00
-1.130290865898132324e+00 1.643643230199813843e-01 -1.942672133445739746e+00
-2.159552335739135742e+00 4.831728637218475342e-01 -4.215222001075744629e-01
-2.195476055145263672e+00 4.693884551525115967e-01 -1.762148141860961914e-01
-2.167494773864746094e+00 5.566197037696838379e-01 2.467299699783325195e-01
-2.120506286621093750e+00 5.446818470954895020e-01 5.248899459838867188e-01
-2.040169000625610352e+00 5.241999030113220215e-01 7.947688102722167969e-01
-1.927756071090698242e+00 4.955174028873443604e-01 1.052116274833679199e+00
-1.409697055816650391e+00 1.661802679300308228e-01 -1.748766064643859863e+00
-1.590308189392089844e+00 3.021460473537445068e-01 -1.564718484878540039e+00
-1.769962787628173828e+00 3.367850780487060547e-01 -1.350011467933654785e+00
-1.978016257286071777e+00 2.982139885425567627e-01 -1.039006352424621582e+00
-2.105086088180541992e+00 3.328485786914825439e-01 -7.287192344665527344e-01
-2.227004289627075195e+00 3.358217775821685791e-01 -2.067682519555091858e-02
-2.198167800903320312e+00 4.194247126579284668e-01 2.467323988676071167e-01
-2.150521993637084961e+00 4.104608297348022461e-01 5.248917937278747559e-01
-2.069056510925292969e+00 3.950638771057128906e-01 7.947718501091003418e-01
-1.955065727233886719e+00 3.734955787658691406e-01 1.052116274833679199e+00
-1.810363531112670898e+00 3.461264669895172119e-01 1.292867183685302734e+00
-1.652483701705932617e+00 2.755752503871917725e-01 1.504693269729614258e+00
-1.748832106590270996e+00 1.643876880407333374e-01 -1.407605648040771484e+00
-2.202400445938110352e+00 2.778273820877075195e-01 -3.863638639450073242e-01
-2.222387552261352539e+00 2.283991575241088867e-01 3.010310530662536621e-01
-2.143462181091308594e+00 2.031236141920089722e-01 6.615215539932250977e-01
-2.044093132019042969e+00 1.939494907855987549e-01 9.257177114486694336e-01
-1.912623167037963867e+00 1.817500740289688110e-01 1.175247192382812500e+00
-1.566866278648376465e+00 1.001783907413482666e-01 1.615577936172485352e+00
-2.076391935348510742e+00 1.302317380905151367e-01 -8.604463934898376465e-01
-2.167531490325927734e+00 1.361142396926879883e-01 -5.933073163032531738e-01
-2.224593162536621094e+00 1.398307383060455322e-01 -3.168095946311950684e-01
-2.246666908264160156e+00 1.413349360227584839e-01 -3.531498461961746216e-02
-1.930208444595336914e+00 -1.015470921993255615e-01 1.158085584640502930e+00
1.755777835845947266e+00 -5.799497961997985840e-01 -1.287915825843811035e+00
5.209895968437194824e-01 1.060734272003173828e+00 -1.918058872222900391e+00
-1.522300362586975098e+00 1.117489099502563477e+00 -1.229668021202087402e+00
-5.258195996284484863e-01 2.891034185886383057e-01 2.172821998596191406e+00
